03 0f 01 09 06 05 09 1b 07 14 16 14 05 0a 08 10 1e 06 11 02 0b 1d 1c 02 1a 16 1c 0e 0d 1b 10 17 
00 00 00 00 00 00 00 00 00 00 00 00 00 00 00 00 00 00 00 00 00 00 00 00 00 00 00 00 00 00 00 00 
00 00 00 00 00 00 00 00 00 00 00 00 00 00 00 00 00 00 00 00 00 00 00 00 00 00 00 00 00 00 00 00 
15 08 0b 1a 13 1d 07 00 1a 12 04 07 1d 11 11 17 1b 0c 19 1a 1d 0e 1b 19 0e 16 04 17 0c 19 0a 18 
14 1c 0f 0c 0a 1c 1c 13 16 0a 04 1e 14 08 1e 12 0a 1b 02 18 04 03 08 16 12 0d 04 1c 17 15 19 18 
0a 01 14 14 14 13 17 00 13 13 19 17 01 12 0c 08 03 03 04 07 0e 12 08 06 10 0f 02 07 0c 1c 0e 07 
07 11 1a 17 19 0e 1d 12 08 0a 0b 04 13 10 19 03 04 0a 06 07 0a 0a 0f 16 10 1b 01 14 14 1c 11 16 
1a 12 09 10 11 15 00 04 02 17 0e 06 0b 14 0e 10 1d 0c 03 03 16 09 03 18 1b 03 13 16 07 19 15 0d 
0b 07 0a 0f 10 02 09 0b 0c 0e 0d 02 06 13 19 0f 04 02 04 0b 11 14 10 11 0a 14 16 0c 19 17 1c 0e 
03 0e 13 0b 05 1a 1d 0a 08 04 1e 11 10 09 18 05 14 14 1d 19 0d 16 0f 04 10 16 1c 11 08 0f 15 08 
00 00 00 00 00 00 00 00 00 00 00 00 00 00 00 00 00 00 00 00 00 00 00 00 00 00 00 00 00 00 00 00 
0b 10 18 1b 13 14 1b 18 12 00 0c 02 1d 19 0a 03 11 0a 16 19 12 19 00 07 0d 0e 19 05 11 10 14 00 
04 06 11 13 0d 0c 13 08 18 13 12 00 0a 17 06 13 1e 0d 10 06 00 07 0e 12 19 08 0a 16 14 16 1b 02 
1a 0c 19 05 0b 14 13 10 1c 19 12 15 0c 0f 13 19 06 0e 05 06 01 03 17 0a 09 04 11 0c 01 0b 19 17 
01 1e 17 13 11 09 1b 1a 0e 06 14 16 1e 18 02 1e 1a 12 0a 16 12 02 11 00 18 19 16 02 12 0c 03 1b 
1d 0d 05 1a 01 01 16 02 17 02 1d 04 11 14 0b 02 0f 0a 1b 06 06 12 0d 08 04 1a 02 1c 1d 04 1c 08 
00 00 00 00 00 00 00 00 00 00 00 00 00 00 00 00 00 00 00 00 00 00 00 00 00 00 00 00 00 00 00 00 
00 0d 14 19 08 02 0e 0a 0a 01 10 0d 15 15 0b 01 1e 06 16 11 00 16 1e 04 16 11 10 0d 0d 05 0b 14 
13 04 17 19 13 02 08 08 0e 18 11 1e 15 04 1e 01 0a 13 0c 00 09 07 18 12 04 1b 06 09 1b 17 0d 10 
0d 1e 19 16 13 06 01 1c 1c 00 1c 17 03 04 05 07 1b 0d 10 0d 0e 07 09 07 08 12 00 1d 0f 0f 0d 16 
00 00 00 00 00 00 00 00 00 00 00 00 00 00 00 00 00 00 00 00 00 00 00 00 00 00 00 00 00 00 00 00 
00 00 00 00 00 00 00 00 00 00 00 00 00 00 00 00 00 00 00 00 00 00 00 00 00 00 00 00 00 00 00 00 
00 0a 15 1a 03 00 09 13 1c 0a 18 03 13 07 17 1c 0d 15 0a 1a 0c 12 1e 11 0e 02 1d 10 15 14 07 13 
01 1d 00 08 14 11 16 09 17 01 01 07 19 03 16 1d 1e 02 07 01 17 0d 08 1b 12 1e 15 03 04 03 0b 18 
0e 18 01 1a 04 05 06 16 15 1a 05 1c 04 04 0d 0a 17 14 01 03 10 03 11 16 13 00 1d 07 0e 10 1e 09 
00 00 00 00 00 00 00 00 00 00 00 00 00 00 00 00 00 00 00 00 00 00 00 00 00 00 00 00 00 00 00 00 
09 01 0d 15 00 05 03 0c 1b 08 0c 0a 04 02 06 01 0c 17 08 1e 0f 17 11 11 18 18 06 04 05 07 02 07 
10 12 1d 0f 1c 09 12 13 02 05 07 08 05 0c 03 04 1a 05 0d 02 18 08 14 19 0c 06 04 0e 12 14 12 07 
0f 13 01 0c 12 1a 01 09 09 05 0a 1e 0f 02 18 1e 1c 12 0c 19 11 05 14 0e 15 06 08 09 09 15 0a 14 
00 00 00 00 00 00 00 00 00 00 00 00 00 00 00 00 00 00 00 00 00 00 00 00 00 00 00 00 00 00 00 00 
1a 0f 18 08 1d 0c 0d 0e 0a 17 11 12 12 09 0a 02 0b 08 0a 13 15 17 06 05 1e 0e 0e 02 15 05 01 07 
1c 19 17 09 16 08 01 0c 15 07 1e 09 13 03 02 18 12 03 0c 13 18 0d 0e 1b 12 17 11 15 19 19 05 15 
0c 02 01 1c 12 19 07 11 10 03 19 1d 1c 05 12 1d 1e 0f 1b 1a 1b 15 1d 15 03 06 06 04 0f 09 09 0a 
19 05 15 11 11 00 03 09 13 0b 07 0b 0e 12 11 0b 0d 18 12 1e 12 08 0f 0e 1a 16 1b 16 07 08 05 1b 
0a 1c 16 04 18 06 06 13 06 0b 05 15 13 1c 02 1e 09 00 0a 1d 08 0f 08 14 0b 1c 03 13 1e 0b 10 17 
0b 1d 10 14 15 1c 0c 18 0d 0a 16 13 09 12 03 1c 00 02 15 18 1c 0d 1d 0f 02 09 0f 1b 01 10 11 1a 
18 09 01 19 0a 0e 01 14 19 06 1c 13 10 06 1b 0d 01 1c 0b 09 01 01 01 1b 1a 0e 02 04 1d 11 18 02 
00 00 00 00 00 00 00 00 00 00 00 00 00 00 00 00 00 00 00 00 00 00 00 00 00 00 00 00 00 00 00 00 
07 1e 19 1a 00 1d 19 19 1c 0c 02 11 10 06 17 1e 16 18 17 19 04 12 12 1b 0d 08 10 0f 00 01 05 0f 
00 00 00 00 00 00 00 00 00 00 00 00 00 00 00 00 00 00 00 00 00 00 00 00 00 00 00 00 00 00 00 00 
00 00 00 00 00 00 00 00 00 00 00 00 00 00 00 00 00 00 00 00 00 00 00 00 00 00 00 00 00 00 00 00 
00 0e 18 15 14 00 03 16 19 05 19 1d 12 11 01 0c 0e 1d 0d 00 11 02 1e 14 16 15 1d 0c 08 02 00 0e 
0c 1d 0d 08 18 1c 01 1e 16 1e 14 00 15 07 1e 1c 1a 15 07 1c 19 13 05 06 11 12 0c 19 15 07 00 12 
0c 0a 08 1a 0d 10 0c 0a 0c 1b 08 15 06 1c 0e 09 0d 16 1a 19 04 1d 0e 1d 05 1d 05 1a 08 1a 05 1a 
00 00 00 00 00 00 00 00 00 00 00 00 00 00 00 00 00 00 00 00 00 00 00 00 00 00 00 00 00 00 00 00 
00 00 00 00 00 00 00 00 00 00 00 00 00 00 00 00 00 00 00 00 00 00 00 00 00 00 00 00 00 00 00 00 
1a 0c 19 17 14 00 1c 0b 02 00 1a 0c 12 1e 1c 13 16 13 0c 03 06 09 06 1c 06 07 15 1e 13 09 19 04 
00 04 16 15 14 04 03 0f 0f 03 1d 19 1b 05 14 19 0a 1e 02 18 04 07 05 03 14 07 18 17 1d 18 1e 11 
17 09 1a 1a 05 14 13 05 11 0e 07 16 1b 1b 03 0b 02 0e 14 15 01 03 13 19 12 02 02 11 06 17 09 19 
1d 0a 12 0e 0c 07 0b 19 0e 1e 1d 08 04 15 01 06 09 07 0e 1d 0f 09 05 0f 00 06 10 1a 0b 0a 09 1a 
0f 19 10 15 1d 03 16 18 13 16 09 03 04 19 0f 05 0e 10 0e 00 05 12 0a 18 09 18 11 0a 09 0c 02 18 
00 1c 19 04 19 0a 12 0f 0d 12 1c 0c 00 1a 1d 19 04 0d 17 1a 1a 1c 13 04 0d 1d 04 1c 0b 12 19 02 
1b 1d 1e 01 19 1b 04 1d 03 06 1d 19 11 08 07 0c 00 13 01 17 02 00 08 17 19 0f 1d 03 0a 16 0a 04 
00 00 00 00 00 00 00 00 00 00 00 00 00 00 00 00 00 00 00 00 00 00 00 00 00 00 00 00 00 00 00 00 
0f 09 14 18 03 0d 14 12 1b 1a 10 1b 19 04 00 0b 0b 00 19 10 1e 19 19 0c 1d 16 03 11 06 13 0c 01 
03 01 0a 03 08 1e 07 18 18 02 0c 04 0a 04 04 16 01 0e 11 0d 07 13 03 05 09 0d 06 14 08 0e 18 14 
0a 0f 0a 1a 16 0b 03 16 10 04 01 13 10 11 0c 0e 0c 02 10 03 14 17 05 06 07 12 0c 1b 10 10 06 02 
16 10 17 0c 01 0a 1b 18 1c 12 0a 0e 0f 07 1b 01 0a 1e 11 1d 00 19 13 1a 16 1e 0a 17 1a 15 18 19 
05 0f 18 01 07 09 09 14 1c 12 14 0f 0e 16 15 0b 0e 02 09 17 1e 0e 0d 04 15 1b 01 14 06 04 14 08 
1c 01 02 1e 09 02 01 02 06 12 01 1a 1d 0a 19 12 00 19 1e 16 16 0c 1a 00 0b 19 05 05 01 00 1b 17 
0c 06 0c 08 0f 14 1b 04 19 17 13 05 02 04 09 09 19 0a 05 1e 15 18 0f 03 12 0d 09 02 09 08 0b 16 
1b 0f 17 0c 1e 0a 09 15 15 0b 0c 06 13 07 10 01 0e 1a 0c 12 05 00 07 05 19 08 1d 15 1a 03 0c 0a 
19 13 1a 0f 10 13 16 16 11 0c 08 16 01 1d 1e 1b 1b 1d 12 19 05 0e 00 0a 0d 05 16 05 04 17 1c 1c 
12 14 07 04 1c 07 00 08 10 13 16 04 0f 09 16 0b 19 05 1e 10 0d 16 0b 01 0d 08 14 10 19 0f 04 04 
00 00 00 00 00 00 00 00 00 00 00 00 00 00 00 00 00 00 00 00 00 00 00 00 00 00 00 00 00 00 00 00 
00 00 00 00 00 00 00 00 00 00 00 00 00 00 00 00 00 00 00 00 00 00 00 00 00 00 00 00 00 00 00 00 
15 1c 08 1b 02 01 1c 08 16 06 12 0a 16 17 1b 18 0d 03 14 0d 15 1e 0a 0d 0a 09 07 0a 0b 0b 1d 0b 
1e 05 0b 08 1b 0e 1c 15 1e 12 1e 05 0d 11 1e 11 1a 13 0f 0c 0b 09 06 1d 10 1a 1b 1d 07 0a 13 09 
13 00 00 0e 15 1d 10 14 1c 03 03 0e 11 09 0b 1a 10 11 1c 12 0e 05 05 0f 01 0f 1b 0c 19 17 19 0a 
13 0a 1b 1d 0e 0f 0d 15 01 09 18 06 10 06 03 0c 11 08 0a 0d 16 04 12 12 1e 12 0c 0e 13 10 14 09 
05 18 08 1a 16 09 0f 09 1d 1a 10 15 02 18 0b 08 0a 1b 03 1e 0e 13 0f 01 17 0c 0e 19 09 04 01 15 
00 04 1b 01 1c 14 17 14 17 16 1b 0b 0b 14 10 15 0b 0c 0c 01 16 11 1b 16 0c 18 01 13 1c 1b 09 08 
06 08 04 16 0f 0a 1c 06 03 13 0c 0b 12 12 00 03 01 01 06 1c 02 05 11 0b 14 06 15 02 0a 0d 13 00 
00 00 00 00 00 00 00 00 00 00 00 00 00 00 00 00 00 00 00 00 00 00 00 00 00 00 00 00 00 00 00 00 
09 18 00 1a 03 00 04 19 01 1c 09 06 14 07 11 17 14 09 13 13 00 0e 13 0b 04 1c 00 1a 05 1e 1c 02 
10 0e 1e 03 1b 00 17 0e 10 01 1d 05 19 1e 1b 13 04 12 14 1c 15 05 01 19 0a 0a 0a 1c 19 18 0f 1e 
17 0e 11 1c 08 14 16 19 11 1e 1d 0f 0e 03 12 09 15 16 1a 17 19 1a 1e 0a 12 11 11 14 1d 00 09 0e 
12 1d 00 10 03 19 1d 11 09 1b 03 18 01 18 17 18 14 05 19 06 19 13 1a 10 00 1c 11 0d 0e 11 18 09 
11 05 1a 0a 04 09 17 0f 13 08 13 07 00 16 0d 09 10 0b 19 1e 14 01 14 00 0c 02 1a 00 15 0e 0f 08 
00 1a 16 06 1d 1e 13 19 1e 09 05 0a 1d 09 0d 1a 05 0e 08 0d 1d 0d 01 1b 1a 0a 01 0f 13 0d 02 02 
07 00 1a 17 1d 04 1e 0a 11 00 18 1c 1d 04 04 10 0c 00 08 18 17 07 1c 0b 17 0a 1e 14 0b 02 05 1d 
06 0c 15 03 06 02 1c 17 04 07 14 1e 06 1a 0d 1a 00 10 0c 18 1d 03 17 0b 1b 1a 1e 0f 0f 06 01 1c 
01 14 01 01 07 1a 17 08 00 08 1c 11 02 16 13 1a 1e 1a 15 1b 13 06 0f 09 07 05 02 08 1b 0f 10 03 
03 05 14 16 01 0f 0e 0d 17 1e 00 1c 16 0b 07 12 10 1d 1e 18 1b 15 18 10 15 0d 1c 1c 1e 07 06 13 
1a 12 13 0e 0f 14 08 09 13 13 05 06 11 19 09 05 01 10 10 12 10 14 1a 09 18 07 0a 0f 10 16 00 16 
05 08 0e 10 09 1c 17 13 02 19 19 19 19 05 1b 09 08 00 04 0a 07 1b 01 0d 0b 1a 19 0a 15 0e 07 15 
17 1a 05 06 0f 0f 19 10 1b 18 0f 19 0e 0a 0d 0e 14 01 16 1e 0e 02 06 03 07 18 00 1b 1d 05 05 1d 
1c 13 09 18 1a 19 10 0f 19 15 02 17 19 0f 06 0e 0f 19 0f 1a 0d 05 0c 18 12 1c 15 15 1c 16 10 1a 
10 0e 11 08 00 13 1b 0a 0d 15 01 07 17 14 01 0b 12 03 1d 05 12 02 07 04 17 1e 1b 06 13 1c 14 01 
17 13 14 0c 1b 05 05 16 06 10 1b 0b 16 1a 14 02 10 18 1e 0e 01 0a 0f 1c 02 1c 0d 03 17 03 04 07 
1b 14 11 09 0b 13 18 0a 14 0b 13 01 03 14 1a 09 16 17 02 14 0d 06 06 19 14 0c 0e 04 1e 10 02 0c 
14 1e 1c 09 0d 13 07 14 1c 09 0b 0d 0b 13 01 18 08 13 0d 12 11 10 04 00 03 0b 07 0f 0e 0f 04 0f 
00 00 00 00 00 00 00 00 00 00 00 00 00 00 00 00 00 00 00 00 00 00 00 00 00 00 00 00 00 00 00 00 
09 0d 07 1a 0b 0b 0c 11 08 19 14 18 02 0b 06 05 0a 1a 0b 01 1a 18 11 01 04 0b 0c 09 17 1d 0d 05 
00 13 19 1a 17 0c 15 15 01 01 0a 13 0b 13 17 17 08 1e 11 13 13 14 04 14 0d 1e 16 1e 1e 19 12 12 
00 00 00 00 00 00 00 00 00 00 00 00 00 00 00 00 00 00 00 00 00 00 00 00 00 00 00 00 00 00 00 00 
12 05 14 15 08 0b 09 1e 15 0b 06 0a 07 19 05 0b 10 07 05 1d 1c 00 10 01 0d 03 18 06 09 02 1e 0f 
11 10 16 03 1c 0e 15 12 12 16 02 0f 06 0c 0f 0a 0c 16 01 1d 12 05 11 02 0f 15 0d 09 14 1c 1b 0b 
1a 17 0e 15 03 17 08 18 13 0f 10 02 01 00 18 04 03 0b 1e 1b 09 19 02 0c 11 1e 01 0c 1c 00 12 0c 
01 0b 1e 0a 0f 07 02 03 0d 13 10 10 03 01 0b 1d 05 08 0e 1c 1d 00 14 07 14 17 1b 15 1a 18 04 01 
02 17 15 04 11 18 07 02 03 09 0b 19 0e 17 07 15 1e 0c 1a 01 02 01 1a 19 17 1b 09 17 1b 12 18 19 
18 0c 0c 11 0d 13 19 1c 13 10 06 0c 06 16 10 04 05 00 03 13 13 10 18 10 07 17 0b 01 06 0d 13 18 
08 1b 04 0a 06 0d 10 02 05 13 1a 02 1d 0f 18 01 0b 0e 11 1d 0f 1c 1e 1b 0a 1a 09 16 15 12 1b 18 
00 1e 00 12 1c 19 09 19 0c 0f 0b 0a 12 18 15 17 00 10 0a 06 1c 06 05 05 14 12 0f 12 1d 1a 1c 01 
00 00 00 00 00 00 00 00 00 00 00 00 00 00 00 00 00 00 00 00 00 00 00 00 00 00 00 00 00 00 00 00 
1c 0d 03 16 0d 0f 1b 10 04 0b 1a 0f 02 0f 01 1b 07 16 1e 1b 10 0a 15 10 1c 07 15 04 0c 18 0b 08 
0c 0d 0c 04 12 0f 18 12 0a 1a 08 09 1a 1e 06 06 11 00 19 0d 16 00 18 11 00 01 0c 13 0e 13 1b 0b 
09 06 07 1d 05 06 18 1a 07 10 0b 1a 12 0e 15 1e 13 19 19 08 0c 06 12 18 0c 0a 0d 16 01 1c 14 11 
04 1e 16 19 07 00 12 17 1c 04 06 13 19 09 0c 15 02 0e 08 01 0b 09 1b 11 07 09 10 1e 08 0b 03 02 
0f 02 0d 0d 18 17 04 13 0f 00 04 14 0b 1d 0f 15 04 0e 16 19 06 0c 0e 0d 0e 09 19 1c 0a 13 0b 11 
0f 09 18 16 10 1e 17 0f 1c 0f 1a 01 04 06 07 04 01 11 12 16 13 0e 0d 00 13 13 13 1d 15 06 12 11 
0f 07 19 11 11 15 0c 15 16 19 01 09 12 14 12 18 0a 13 10 1a 09 10 07 1c 1d 09 1a 0d 09 0b 17 1e 
10 18 10 15 19 02 02 01 1b 06 0f 0b 0c 0a 1a 03 16 0f 12 0e 18 10 0c 0c 0d 11 07 1e 1a 0a 10 14 
07 11 06 1d 13 17 1b 0e 10 0d 13 0a 19 0b 17 00 0b 0e 1b 16 16 13 1b 16 13 1c 17 00 1a 05 17 0c 
00 00 00 00 00 00 00 00 00 00 00 00 00 00 00 00 00 00 00 00 00 00 00 00 00 00 00 00 00 00 00 00 
1e 14 05 18 0b 08 12 0d 10 1e 01 1b 0d 1a 1b 16 0e 10 12 0c 16 1a 0a 1d 11 09 05 16 08 19 1d 0a 
14 05 01 0d 0d 02 07 0a 0b 13 04 19 0f 02 03 1d 00 14 05 14 1e 1c 0d 0d 08 0d 1d 01 0e 1b 03 03 
18 05 12 19 0b 19 10 16 19 03 18 0e 1a 04 09 10 14 0a 15 1c 0a 02 0b 00 04 14 08 03 1c 05 0a 0f 
10 1a 06 09 1c 12 07 04 07 0f 09 16 08 02 1b 14 1e 05 1a 00 10 0e 03 19 08 1b 15 1a 1a 18 16 00 
00 00 00 00 00 00 00 00 00 00 00 00 00 00 00 00 00 00 00 00 00 00 00 00 00 00 00 00 00 00 00 00 
04 1c 10 1d 1a 09 0e 02 0b 1c 03 07 01 1a 15 12 0e 08 12 15 18 05 13 15 12 16 10 1d 14 13 00 04 
1d 1e 1c 11 0c 16 10 07 18 05 14 1d 10 04 0b 0f 0d 04 12 1b 1e 05 14 00 04 0f 12 07 16 1b 1e 03 
00 00 00 00 00 00 00 00 00 00 00 00 00 00 00 00 00 00 00 00 00 00 00 00 00 00 00 00 00 00 00 00 
0c 02 18 16 00 0f 19 1d 0a 0e 0d 17 15 0e 05 12 00 0b 09 02 03 18 0e 03 1c 09 0d 15 04 18 1a 0f 
11 1e 1a 1e 08 15 0d 1b 13 0c 1d 1a 0f 0d 0c 0c 09 05 19 03 13 04 1a 07 03 00 1c 18 09 1a 0f 06 
0a 03 1c 15 15 0a 06 16 08 13 02 0d 13 11 13 07 0e 02 02 06 14 18 12 0b 00 15 1a 00 13 0a 0c 16 
18 0b 0f 0c 10 1b 02 1b 0f 04 1c 06 00 0e 11 01 13 11 11 02 0b 04 0e 0b 0a 1b 13 03 14 1e 0b 17 
07 1a 19 1d 15 0f 1d 01 1c 17 06 09 1a 03 08 04 06 04 0a 1b 12 04 03 1e 07 08 05 08 1d 0b 0c 0a